1 2 18
1 3 11
2 3 17
2 4 30
3 4 33
3 5 21
4 5 23
4 6 88
5 7 32
5 8 41
5 9 18
5 10 24
5 11 39
6 7 53
6 12 42
6 13 45
6 14 74
6 15 32
6 16 38
6 17 42
6 18 67
7 8 28
7 13 26
7 12 11
8 13 19
8 19 21
8 20 21
8 21 28
8 9 24
9 21 32
9 11 27
10 11 24
11 21 14
12 13 22
13 14 44
13 23 53
13 19 34
14 18 20
14 22 13
14 23 13
15 16 19
17 18 41
17 24 22
18 24 24
18 25 33
18 22 20
19 20 6
19 23 32
19 21 18
19 26 45
20 21 12
22 23 14
22 25 45
22 27 54
22 28 38
22 29 31
22 30 21
23 30 13
23 26 24
24 25 24
25 27 77
25 31 45
25 32 24
26 30 12
26 29 5.4
26 33 17
26 34 25
27 28 18
27 31 41
27 35 44
27 36 24
27 37 48
27 39 29
27 33 25
28 33 15
28 29 15
29 30 12
29 33 17
31 32 27
31 38 48
31 35 27
33 34 16
33 39 16
34 39 15
34 40 32
35 41 25
35 42 25
35 36 34
36 37 33
36 42 28
36 43 38
36 44 34
37 39 51
37 44 12
37 45 23
37 46 30
38 41 33
38 47 10
38 48 10
38 49 19
39 46 28
39 40 25
40 46 17
40 50 33
41 47 25
41 51 12
41 48 34
41 52 18
41 42 34
42 52 27
42 53 10
43 53 14
43 54 19
43 55 20
43 44 28
44 25 21
44 56 16
45 56 22
45 57 34
45 58 30
45 59 22
45 60 40
45 61 32
45 46 48
46 61 21
47 48 16
47 51 13
48 51 25
50 61 17
50 60 10
50 62 10
52 53 30
52 54 29
53 54 20
54 63 33
54 55 26
55 63 11
56 57 31
56 64 36
57 64 24
57 65 15
57 58 41
58 59 61
58 65 27
58 66 31
58 67 36
58 68 48
58 69 58
59 60 32
59 69 30
60 69 27
60 70 30
60 62 17
64 71 27
64 65 36
65 73 12
65 66 24
65 74 3.5
66 73 13
66 76 12
66 67 6.8
67 77 10
67 76 15
67 81 29
67 78 19
67 68 7.7
68 77 5.9
68 69 16
69 77 15
69 79 18
69 80 18
69 70 27
70 80 15
71 75 18
71 72 7.4
71 74 9.3
72 74 3.2
72 75 24
73 74 15
73 76 15
74 75 27
74 76 28
75 76 57
75 81 62
76 81 15
77 78 20
77 79 11
78 82 27
78 81 29
78 79 19
78 83 17
78 84 24
79 80 28
79 85 36
79 84 29
78 83 19
80 85 59
80 86 60
81 82 40
81 87 29
82 87 28
82 88 37
82 85 21
83 84 11
84 85 7.4
85 89 18
85 86 17
85 90 29
86 90 21
86 89 3.6
87 88 29
88 91 47
89 90 17
90 92 12
